6 0.6955729166666667 0.33842592592592596 0.4588541666666667 0.5509259259259259
4 0.9328124999999999 0.3814814814814815 0.11562499999999999 0.13518518518518519
4 0.89296875 0.2884259259259259 0.0765625 0.05277777777777778
4 0.7989583333333333 0.24212962962962964 0.0875 0.06574074074074074
4 0.8270833333333333 0.2953703703703704 0.065625 0.06296296296296297
4 0.6885416666666666 0.19861111111111113 0.06041666666666667 0.028703703703703703
2 0.9315104166666667 0.4638888888888889 0.028645833333333332 0.11851851851851852
7 0.6270833333333333 0.4083333333333333 0.027083333333333334 0.10925925925925926
7 0.6614583333333334 0.45046296296296295 0.03854166666666667 0.1175925925925926
7 0.70546875 0.5027777777777778 0.0421875 0.12222222222222223
