2 0.4822916666666667 0.5513888888888889 0.06979166666666667 0.26944444444444443
2 0.58984375 0.5995370370370371 0.0515625 0.30092592592592593
2 0.6859375 0.4398148148148148 0.05 0.0925925925925926
2 0.78515625 0.5550925925925926 0.04635416666666667 0.24537037037037038
2 0.6065104166666666 0.274537037037037 0.021354166666666667 0.0787037037037037
3 0.5203125 0.18564814814814815 0.13541666666666666 0.2712962962962963
4 0.38359375 0.17546296296296296 0.06302083333333333 0.10277777777777779
4 0.8013020833333333 0.24212962962962964 0.08072916666666667 0.06574074074074074
4 0.8221354166666667 0.3148148148148148 0.07447916666666667 0.0962962962962963
4 0.8955729166666666 0.3194444444444445 0.07864583333333333 0.07777777777777778
4 0.6875 0.20046296296296298 0.08645833333333333 0.05092592592592593
