2 0.5182291666666666 0.5828703703703704 0.07083333333333333 0.2916666666666667
2 0.6619791666666667 0.8087962962962963 0.07291666666666667 0.2916666666666667
2 0.87734375 0.5421296296296296 0.04739583333333333 0.1212962962962963
2 0.9184895833333333 0.4587962962962963 0.024479166666666666 0.1638888888888889
4 0.890625 0.32083333333333336 0.08541666666666667 0.11944444444444445
4 0.82109375 0.30972222222222223 0.0609375 0.09166666666666667
4 0.7934895833333333 0.24027777777777778 0.0765625 0.0638888888888889
4 0.6877604166666667 0.20092592592592592 0.059895833333333336 0.03333333333333333
2 0.5005208333333333 0.21944444444444444 0.022916666666666665 0.05
2 0.5309895833333333 0.21203703703703705 0.025520833333333333 0.0462962962962963
