3 0.44895833333333335 0.13935185185185187 0.14583333333333334 0.19351851851851853
3 0.8872395833333333 0.4342592592592593 0.22552083333333334 0.6814814814814815
4 0.6971354166666667 0.1925925925925926 0.0765625 0.04259259259259259
4 0.7794270833333333 0.2537037037037037 0.0515625 0.07962962962962963
2 0.4796875 0.5185185185185185 0.052083333333333336 0.24814814814814815
2 0.5447916666666667 0.4842592592592593 0.040625 0.23148148148148148
7 0.8005208333333333 0.4416666666666667 0.02395833333333333 0.09444444444444444
7 0.8333333333333334 0.4828703703703704 0.028125 0.10648148148148148
7 0.9200520833333333 0.6162037037037037 0.0328125 0.125
7 0.98203125 0.7222222222222222 0.0328125 0.1462962962962963
