5 0.56328125 0.12453703703703704 0.10052083333333334 0.11944444444444445
2 0.5484375 0.20925925925925926 0.01875 0.06851851851851852
2 0.5734375 0.26296296296296295 0.027083333333333334 0.05740740740740741
2 0.54921875 0.4314814814814815 0.0390625 0.23333333333333334
2 0.6375 0.4712962962962963 0.05625 0.22222222222222224
4 0.6822916666666666 0.19907407407407407 0.07083333333333333 0.03888888888888889
4 0.7903645833333334 0.2425925925925926 0.0734375 0.05740740740740741
4 0.821875 0.30972222222222223 0.06354166666666666 0.09351851851851853
4 0.8947916666666667 0.32407407407407407 0.08645833333333333 0.11666666666666667
2 0.9890625 0.47314814814814815 0.019791666666666666 0.13703703703703704
