3 0.65390625 0.25277777777777777 0.2484375 0.35185185185185186
4 0.3924479166666667 0.2449074074074074 0.0890625 0.15092592592592594
4 0.8890625 0.32685185185185184 0.07604166666666666 0.11481481481481481
4 0.8200520833333333 0.3087962962962963 0.06510416666666667 0.08981481481481482
4 0.80546875 0.2439814814814815 0.059895833333333336 0.06018518518518519
2 0.5033854166666667 0.24120370370370373 0.01614583333333333 0.049074074074074076
2 0.5190104166666667 0.25416666666666665 0.015104166666666667 0.05277777777777778
2 0.48020833333333335 0.21805555555555556 0.014583333333333334 0.06759259259259259
7 0.6036458333333333 0.35324074074074074 0.020833333333333332 0.08611111111111111
7 0.6307291666666667 0.3805555555555556 0.025 0.08888888888888889
