3 0.58359375 0.22222222222222224 0.19635416666666666 0.31851851851851853
2 0.7109375 0.32546296296296295 0.020833333333333332 0.05648148148148149
2 0.7333333333333333 0.31527777777777777 0.019791666666666666 0.06018518518518519
2 0.9807291666666667 0.8787037037037038 0.03854166666666667 0.23333333333333334
4 0.8888020833333333 0.3282407407407408 0.0796875 0.09907407407407408
4 0.8221354166666667 0.3138888888888889 0.06302083333333333 0.10555555555555556
4 0.79765625 0.24675925925925926 0.07864583333333333 0.06018518518518519
4 0.690625 0.20416666666666666 0.06979166666666667 0.05092592592592593
2 0.35078125 0.2013888888888889 0.01614583333333333 0.10092592592592593
2 0.4453125 0.18101851851851852 0.01875 0.07685185185185185
