3 0.7859375 0.4689814814814815 0.41354166666666664 0.6287037037037038
2 0.57734375 0.6796296296296297 0.06510416666666667 0.29074074074074074
2 0.64609375 0.6652777777777779 0.07864583333333333 0.31574074074074077
2 0.7604166666666666 0.8865740740740741 0.08854166666666667 0.2175925925925926
2 0.2794270833333333 0.3194444444444445 0.0390625 0.14814814814814814
3 0.5953125 0.1175925925925926 0.10208333333333333 0.10740740740740741
7 0.6130208333333333 0.4027777777777778 0.036458333333333336 0.10555555555555556
7 0.6640625 0.4564814814814815 0.035416666666666666 0.10185185185185186
7 0.77890625 0.5930555555555556 0.0515625 0.14166666666666666
7 0.8458333333333333 0.6731481481481482 0.058333333333333334 0.15185185185185185
