2 0.33828125000000003 0.38333333333333336 0.08125 0.35833333333333334
0 0.334765625 0.25 0.06484375 0.09166666666666667
2 0.483984375 0.7430555555555556 0.14296875 0.513888888888889
0 0.46406250000000004 0.5798611111111112 0.09531250000000001 0.1875
2 0.6843750000000001 0.6451388888888889 0.115625 0.5402777777777777
0 0.7046875 0.46319444444444446 0.0734375 0.17083333333333334
2 0.7523437500000001 0.3263888888888889 0.0546875 0.3138888888888889
0 0.75390625 0.20902777777777778 0.05 0.0763888888888889
2 0.8234375 0.32569444444444445 0.0484375 0.2513888888888889
0 0.82578125 0.23333333333333334 0.0390625 0.058333333333333334
