2 0.9651041666666667 0.7768518518518519 0.03125 0.10925925925925926
2 0.9815104166666666 0.8180555555555555 0.034895833333333334 0.11574074074074074
2 0.6963541666666666 0.40370370370370373 0.029166666666666667 0.10740740740740741
4 0.89609375 0.3287037037037037 0.08697916666666666 0.10555555555555556
4 0.8213541666666666 0.3078703703703704 0.06145833333333333 0.09351851851851853
4 0.7979166666666666 0.24074074074074076 0.084375 0.061111111111111116
4 0.6890625 0.20277777777777778 0.06458333333333333 0.04259259259259259
3 0.5270833333333333 0.1837962962962963 0.13229166666666667 0.27685185185185185
3 0.6028645833333334 0.13425925925925927 0.050520833333333334 0.13333333333333333
4 0.3067708333333333 0.1902777777777778 0.08020833333333333 0.06759259259259259
