6 0.3997395833333333 0.17175925925925928 0.10677083333333333 0.23240740740740742
2 0.321875 0.3791666666666667 0.03958333333333333 0.1953703703703704
2 0.38515625 0.4083333333333333 0.04739583333333333 0.1277777777777778
2 0.4510416666666667 0.600462962962963 0.059375 0.28425925925925927
2 0.4708333333333333 0.4439814814814815 0.042708333333333334 0.11018518518518519
2 0.6182291666666666 0.3509259259259259 0.03229166666666666 0.06296296296296297
3 0.6549479166666666 0.25972222222222224 0.25364583333333335 0.3509259259259259
3 0.5299479166666666 0.09444444444444444 0.0546875 0.08703703703703704
4 0.8979166666666667 0.32916666666666666 0.090625 0.11574074074074074
4 0.82109375 0.3138888888888889 0.06614583333333333 0.0925925925925926
4 0.8067708333333333 0.24212962962962964 0.07916666666666666 0.05648148148148149
