6 0.39609375 0.13194444444444445 0.12447916666666667 0.18796296296296297
6 0.6888020833333334 0.34444444444444444 0.4630208333333333 0.5537037037037037
4 0.95703125 0.4671296296296297 0.07760416666666667 0.22314814814814815
4 0.8953125 0.31342592592592594 0.07708333333333334 0.09351851851851853
4 0.83046875 0.2865740740740741 0.04739583333333333 0.05462962962962963
4 0.7973958333333333 0.23611111111111113 0.07395833333333333 0.053703703703703705
6 0.68828125 0.3453703703703704 0.4630208333333333 0.5537037037037037
2 0.3265625 0.3712962962962963 0.03958333333333333 0.19444444444444445
4 0.6916666666666667 0.20277777777777778 0.06770833333333333 0.03333333333333333
7 0.6270833333333333 0.4101851851851852 0.027083333333333334 0.10185185185185186
7 0.6611979166666666 0.4481481481481482 0.034895833333333334 0.11851851851851852
7 0.7041666666666666 0.500462962962963 0.04479166666666667 0.1175925925925926
