4 0.5380208333333333 0.18611111111111112 0.10416666666666667 0.0925925925925926
2 0.5453125 0.25601851851851853 0.030208333333333334 0.11018518518518519
2 0.6658854166666667 0.33055555555555555 0.030729166666666665 0.16111111111111112
2 0.7244791666666667 0.475462962962963 0.036458333333333336 0.19907407407407407
4 0.7973958333333333 0.24166666666666667 0.08958333333333333 0.05925925925925926
4 0.8208333333333333 0.3125 0.065625 0.09166666666666667
4 0.8942708333333333 0.33055555555555555 0.08854166666666667 0.12222222222222223
3 0.45026041666666666 0.11805555555555557 0.07135416666666666 0.15092592592592594
2 0.9783854166666667 0.9023148148148149 0.04114583333333333 0.1953703703703704
2 0.9885416666666667 0.6444444444444445 0.022916666666666665 0.08888888888888889
