2 0.5242187500000001 0.4826388888888889 0.0625 0.2652777777777778
1 0.524609375 0.37986111111111115 0.04296875 0.059722222222222225
2 0.2390625 0.3277777777777778 0.025 0.14444444444444446
1 0.236328125 0.2715277777777778 0.02109375 0.0375
2 0.18085937500000002 0.3493055555555556 0.03828125 0.14305555555555557
1 0.17304687500000002 0.3 0.022656250000000003 0.03888888888888889
2 0.209765625 0.3041666666666667 0.02734375 0.14444444444444446
1 0.20703125 0.24722222222222223 0.0203125 0.030555555555555558
4 0.43125 0.26875 0.13125 0.15694444444444444
4 0.3609375 0.14930555555555555 0.045312500000000006 0.05416666666666667
