2 0.590234375 0.638888888888889 0.09296875 0.5194444444444445
0 0.58984375 0.45416666666666666 0.07187500000000001 0.15
2 0.7937500000000001 0.6611111111111111 0.146875 0.5416666666666667
0 0.8359375 0.4666666666666667 0.059375000000000004 0.15555555555555556
2 0.90625 0.5631944444444444 0.1125 0.45972222222222225
0 0.9398437500000001 0.39861111111111114 0.045312500000000006 0.13333333333333333
2 0.19921875 0.7798611111111111 0.1234375 0.44027777777777777
1 0.180078125 0.6347222222222223 0.08203125 0.15
4 0.6890625 0.05555555555555556 0.10625000000000001 0.08055555555555556
4 0.84296875 0.07222222222222223 0.06875 0.0638888888888889
